-4.727547545249301209e+00 -1.095022312652823899e+02
-8.414010382785495068e-01 1.033883755960460320e+02
-3.195193816247687835e-02 9.892734762303764739e+01
-1.412709345782471537e+00 1.006217856720663235e+02
-1.971389941198229412e+00 8.262474503831710138e+01
-3.275743313052462469e+00 1.871769311479677356e+01
4.968494496103266655e+00 2.721570093674573059e+02
-2.011569025115116371e+00 7.797348111355387346e+01
-2.689766451102692635e+00 5.921399133163555462e+01
1.541282414316508920e+00 1.022703241868091908e+02
-2.924335769588897627e+00 4.527382531864124360e+01
1.921134198140282301e+00 1.091649672390791466e+02
-3.824602354621870148e+00 -4.105660165596923150e+00
4.216444087297031018e+00 2.046300424477533966e+02
-2.631092233319302753e+00 6.200527739589315956e+01
-1.006199058661462420e+00 1.053373558923107680e+02
-4.814666003392900073e+00 -1.281608614220802167e+02
-3.772560874500950234e+00 -1.114590083392102748e+01
4.554586155435655925e+00 2.423723390129813140e+02
-1.936440515822905883e+00 8.233568728409937876e+01
-4.839538769627163894e+00 -1.382254846461790123e+02
1.477697419609942386e-01 1.036201375146557808e+02
2.586959017334405253e+00 1.287193985988186284e+02
4.422951823365094626e+00 2.186921194564379789e+02
-1.746004413321598392e+00 8.006167908004874789e+01
2.113100932409852639e+00 1.086157209529337422e+02
-9.098968099082895833e-01 9.736550057240847877e+01
-9.509049860329810144e-02 1.001447926986899830e+02
2.383129886860801960e+00 1.145162206920636692e+02
-2.344864092654243226e+00 7.551824329482460030e+01
4.862753351445809002e+00 2.715397353559790758e+02
-4.043100039541320356e+00 -3.967644053424695016e+01
-4.624995216775723783e+00 -9.336058849636054902e+01
-4.023584484495975389e+00 -3.141455874631968825e+01
-5.363588821285958375e-02 1.075185186758941569e+02
2.333894564981696007e+00 1.091544476309387051e+02
1.058112986135027356e+00 1.039620404794735009e+02
-2.197668337606347055e+00 7.700253581030383998e+01
3.828301381395171177e+00 1.742715488235493808e+02
2.434533603744945651e+00 1.176855750643928218e+02
3.971287899080344630e+00 2.032771343341078136e+02
6.859143611525659878e-01 1.025611785033417220e+02
-8.452276176992050694e-01 9.109893543931931958e+01
-3.742968660314544671e+00 -8.095510885207206186e+00
-4.941835992806030475e+00 -1.480057068844669175e+02
-2.012589446293957973e+00 8.792300018913979898e+01
2.511958060689549299e+00 1.189161316923984799e+02
-1.591283052079746074e+00 8.888476996186093970e+01
-3.916950471307032000e+00 -2.964027704300250221e+01
-4.096417046135792717e+00 -3.760497015522333442e+01
